91
28
7
72
84
52
18
21
58
69
91
82
21
24
43
38
42
48
46
48
94
5
24
87
50
86
70
46
65
96
57
92
18
47
80
35
93
72
79
82
11
63
66
43
72
21
66
89
1
78
38
43
38
93
2
29
97
24
1
72
56
82
67
17
7
66
69
56
58
5
91
79
25
95
86
92
53
50
76
30
94
36
49
65
93
2
36
71
77
0
5
51
4
23
11
92
79
13
36
65
14
0
68
27
80
93
88
46
35
50
0
93
78
78
75
77
60
96
97
89
53
51
66
55
30
28
97
24
93
0
47
92
89
68
5
32
55
2
6
61
82
94
54
66
85
0
48
49
26
32
75
10
29
55
68
87
5
28
77
15
86
12
32
41
36
77
49
12
11
37
74
25
48
13
30
20
18
79
96
47
40
93
37
87
82
7
95
92
30
24
87
11
66
84
53
18
95
96
26
12
44
98
91
34
6
67
40
52
58
38
47
16
6
27
35
20
32
40
95
14
61
71
47
49
48
56
37
65
33
84
15
28
61
94
88
83
95
12
44
39
24
42
98
96
83
43
5
65
70
72
16
1
41
21
57
85
57
52
11
60
7
29
72
39
38
44
63
73
5
65
83
46
77
33
39
2
23
7
63
97
29
26
70
73
11
22
33
63
56
5
1
85
28
15
73
83
32
80
79
40
84
37
15
28
17
1
27
84
71
22
41
78
16
74
6
49
62
51
8
11
50
26
98
89
37
55
42
14
3
46
64
92
5
0
13
56
19
82
91
60
59
41
19
54
80
65
66
54
47
43
28
44
50
4
26
95
62
88
83
5
50
63
46
69
0
55
66
89
0
18
49
55
10
22
97
62
41
94
28
16
41
62
59
31
9
74
73
61
54
15
84
20
50
98
17
18
56
33
44
72
47
35
59
93
73
80
51
54
94
65
34
67
45
5
43
28
86
48
27
81
89
98
18
71
18
28
37
88
50
23
69
37
24
33
7
70
51
55
77
73
44
95
26
39
83
91
10
43
50
14
76
16
36
64
67
25
11
76
62
99
17
43
7
68
37
22
15
17
73
56
20
45
98
79
10
3
98
68
2
36
9
45
40
70
51
94
36
4
93
42
16
71
18
7
80
36
96
64
66
72
